ensg	symbol	chr	start	end	strand	type	entrezID	HUGO	pLI	ncRVIS	posMapSNPs	posMapMaxCADD	eqtlMapSNPs	eqtlMapminP	eqtlMapminQ	eqtlMapts	eqtlDirection	minGwasP	IndSigSNPs	GenomicLocus
ENSG00000236230	RP11-400N13.1	1	222262511	222560776	-1	lincRNA	NA	NA	NA	NA	5	2.54	0	NA	NA	NA	NA	5.181002e-07	rs72741792;rs150084928	1
ENSG00000151360	ALLC	2	3705785	3750261	1	protein_coding	55821	ALLC	4.60880908473295e-11	0.931570498	2	5.032	0	NA	NA	NA	NA	3.14461e-06	rs10196986	2
ENSG00000232718	GAPDHP48	2	3735611	3736571	-1	pseudogene	NA	GAPDHP48	NA	NA	1	5.032	0	NA	NA	NA	NA	0.002179378	rs10196986	2
ENSG00000144161	ZC3H8	2	112969102	113012713	-1	protein_coding	84524	ZC3H8	0.464854053485364	-0.561923643	1	1.523	0	NA	NA	NA	NA	8.159506e-07	rs77770701	3
ENSG00000238951	snoU13	2	113028848	113028944	-1	snoRNA	NA	NA	NA	NA	2	0.315	0	NA	NA	NA	NA	0.0001462963	rs77770701	3
ENSG00000188177	ZC3H6	2	113033171	113097640	1	protein_coding	376940	ZC3H6	0.938245509196475	-3.337005631	2	12.68	0	NA	NA	NA	NA	0.0001462963	rs77770701	3
ENSG00000115112	TFCP2L1	2	121974163	122042783	-1	protein_coding	29842	TFCP2L1	0.999192586615908	-1.234008358	1	0.113	0	NA	NA	NA	NA	2.059097e-06	rs4073806	4
ENSG00000207716	MIR572	4	11370451	11370545	1	miRNA	693157	MIR572	NA	NA	4	3.629	0	NA	NA	NA	NA	0.0001857245	rs145336624	7
ENSG00000250896	RNPS1P1	4	11373599	11374516	1	pseudogene	NA	RNPS1P1	NA	NA	4	3.629	0	NA	NA	NA	NA	0.0001857245	rs145336624	7
ENSG00000002587	HS3ST1	4	11394774	11431389	-1	protein_coding	9957	HS3ST1	0.00617541021258819	-1.014461322	2	6.164	0	NA	NA	NA	NA	0.0002028128	rs145336624	7
ENSG00000151388	ADAMTS12	5	33523640	33892297	-1	protein_coding	81792	ADAMTS12	1.53777100809711e-11	-0.335727332	0	0	1	1.08149e-05	0.0406529	GTEx/v8/Liver	+	0.000113736	rs7704809	9
ENSG00000215158	RP11-1023L17.1	5	34164803	34244901	-1	pseudogene	100653061	NA	NA	NA	0	0	1	7.46896e-05	2.30508e-07	GTEx/v8/Esophagus_Mucosa	+	0.0002988258	rs7704809	9
ENSG00000113448	PDE4D	5	58264865	59817947	-1	protein_coding	5144	PDE4D	0.983199686418857	0.966489251	1	6.395	0	NA	NA	NA	NA	3.037095e-07	rs114584016	10
ENSG00000189056	RELN	7	103112231	103629963	-1	protein_coding	5649	RELN	0.999999999999998	0.040685001	5	7.622	2	1.58588e-07	1.79309e-13	GTEx/v8/Heart_Atrial_Appendage:GTEx/v8/Heart_Left_Ventricle	+	4.270628e-06	rs645260	12
ENSG00000242258	LINC00996	7	150130742	150145228	1	lincRNA	285972	LINC00996	NA	NA	2	8.856	0	NA	NA	NA	NA	6.095042e-05	rs71537965	13
ENSG00000171115	GIMAP8	7	150147718	150176480	1	protein_coding	155038	GIMAP8	6.85022595051609e-06	-1.008395276	5	8.856	4	1.517e-06	1.67311e-69	GTEx/v8/Adipose_Subcutaneous	+	5.286533e-06	rs71537965	13
ENSG00000271582	RP11-511P7.4	7	150181149	150182223	-1	pseudogene	NA	NA	NA	NA	2	2.831	0	NA	NA	NA	NA	5.286533e-06	rs71537965	13
ENSG00000147324	MFHAS1	8	8640864	8751155	-1	protein_coding	9258	MFHAS1	2.22820045783843e-05	0.9551839	0	0	1	0.000127579	1.46979e-07	GTEx/v8/Whole_Blood	-	4.501066e-07	rs983309	14
ENSG00000104626	ERI1	8	8859657	8974256	1	protein_coding	90459	ERI1	0.000454685197816091	0.949360106	0	0	3	2.85137e-05	1.58151e-06	GTEx/v8/Artery_Aorta	+	9.801581e-05	rs4841132	14
ENSG00000254235	RP11-115J16.1	8	9106927	9271224	1	lincRNA	157273	NA	NA	NA	28	13.95	0	NA	NA	NA	NA	2.602363e-07	rs13279173;rs983309;rs4841132;rs17149803	14
ENSG00000253735	RP11-115J16.3	8	9208748	9215951	-1	lincRNA	NA	NA	NA	NA	1	4.658	0	NA	NA	NA	NA	0.0001005078	rs17149803	14
ENSG00000201815	RNU6-526P	8	9228600	9228705	-1	snRNA	NA	RNU6-526P	NA	NA	2	7.993	0	NA	NA	NA	NA	0.0005789147	rs17149803	14
ENSG00000254237	RP11-115J16.2	8	9229480	9293715	-1	lincRNA	NA	NA	NA	NA	2	7.993	12	6.86018e-07	0.00736475	GTEx/v8/Liver	+	2.602363e-07	rs17149803;rs4841132;rs983309	14
ENSG00000173273	TNKS	8	9413424	9639856	1	protein_coding	8658	TNKS	0.777115954184058	1.637267498	0	0	12	7.43105e-08	0.00127623	GTEx/v8/Liver	+	2.602363e-07	rs4841132;rs983309	14
ENSG00000157168	NRG1	8	31496902	32622548	1	protein_coding	3084	NRG1	0.947798761974756	NA	32	14.05	0	NA	NA	NA	NA	9.987175e-06	rs11776775	15
ENSG00000253974	NRG1-IT1	8	31883735	31996991	1	sense_intronic	100856811	NRG1-IT1	NA	NA	31	14.05	0	NA	NA	NA	NA	9.987175e-06	rs11776775	15
ENSG00000107099	DOCK8	9	214854	465259	1	protein_coding	81704	DOCK8	0.00013543398043996	0.032996349	34	9.712	32	1.42076e-08	1.12474e-20	GTEx/v8/Adipose_Visceral_Omentum:GTEx/v8/Adrenal_Gland:GTEx/v8/Brain_Cortex:GTEx/v8/Colon_Transverse:GTEx/v8/Esophagus_Mucosa:GTEx/v8/Esophagus_Muscularis:GTEx/v8/Heart_Atrial_Appendage	+	6.222272e-06	rs10972570	16
ENSG00000070748	CHAT	10	50817141	50901925	1	protein_coding	1103	CHAT	0.014030306190231	0.557798443	12	7.816	0	NA	NA	NA	NA	4.43863e-06	rs76175041	17
ENSG00000178645	C10orf53	10	50887697	50918307	1	protein_coding	282966	C10orf53	0.00106876991334412	3.485993704	3	7.816	0	NA	NA	NA	NA	0.009801721	rs76175041	17
ENSG00000227345	PARG	10	51026325	51130715	-1	protein_coding	8505	PARG	NA	NA	0	0	1	0.000103258	2.74336e-09	GTEx/v8/Brain_Cerebellum	-	4.43863e-06	rs76175041	17
ENSG00000235618	RP11-324H6.5	10	51780942	51827563	-1	pseudogene	326332	NA	NA	NA	0	0	1	3.88251e-05	0.00339562	GTEx/v8/Esophagus_Muscularis	-	0.02362567	rs76175041	17
ENSG00000150244	TRIM48	11	55029658	55038595	1	protein_coding	101930235	TRIM48	1.77341661947835e-14	1.123551302	3	4.921	0	NA	NA	NA	NA	NA	rs2688717	18
ENSG00000255543	RP11-72M10.2	11	55034884	55035112	1	pseudogene	NA	NA	NA	NA	2	0.864	0	NA	NA	NA	NA	NA	rs2688717	18
ENSG00000255283	RP11-72M10.4	11	55046923	55052999	-1	pseudogene	NA	NA	NA	NA	1	0.074	0	NA	NA	NA	NA	NA	rs2688717	18
ENSG00000255110	RP11-72M10.8	11	55047425	55047765	1	pseudogene	NA	NA	NA	NA	1	0.074	0	NA	NA	NA	NA	NA	rs2688717	18
ENSG00000254696	RP11-72M10.7	11	55049978	55050453	1	pseudogene	NA	NA	NA	NA	1	0.074	0	NA	NA	NA	NA	NA	rs2688717	18
ENSG00000254663	OR4A11P	11	55086036	55086941	1	pseudogene	NA	OR4A11P	NA	NA	1	1.012	0	NA	NA	NA	NA	NA	rs2688717	18
ENSG00000254723	OR4A12P	11	55093232	55094149	1	pseudogene	NA	OR4A12P	NA	NA	1	1.012	0	NA	NA	NA	NA	NA	rs2688717	18
ENSG00000181958	OR4A15	11	55135360	55136394	1	protein_coding	81328	OR4A15	NA	0.303205782	2	0.353	0	NA	NA	NA	NA	NA	rs2688717	18
ENSG00000255077	OR4X7P	11	55179002	55179193	1	pseudogene	NA	OR4X7P	NA	NA	2	0.55	0	NA	NA	NA	NA	NA	rs2688717	18
ENSG00000255493	RP11-131J4.12	11	55197963	55198470	1	pseudogene	NA	NA	NA	NA	1	0.764	0	NA	NA	NA	NA	NA	rs2688717	18
ENSG00000254886	OR4A10P	11	55199433	55199843	1	pseudogene	NA	OR4A10P	NA	NA	1	0.764	0	NA	NA	NA	NA	NA	rs2688717	18
ENSG00000255196	OR4A17P	11	55211911	55212814	1	pseudogene	NA	OR4A17P	NA	NA	3	0.885	0	NA	NA	NA	NA	NA	rs2688717	18
ENSG00000181950	OR4A13P	11	55234247	55235188	1	pseudogene	NA	OR4A13P	NA	NA	3	0.453	0	NA	NA	NA	NA	NA	rs2688717	18
ENSG00000255294	OR4A50P	11	55243419	55243904	1	pseudogene	NA	OR4A50P	NA	NA	1	1.038	0	NA	NA	NA	NA	NA	rs2688717	18
ENSG00000254962	OR4A14P	11	55245027	55245985	1	pseudogene	NA	OR4A14P	NA	NA	1	1.038	0	NA	NA	NA	NA	NA	rs2688717	18
ENSG00000181943	OR4A21P	11	55258628	55259618	1	pseudogene	NA	OR4A21P	NA	NA	2	1.038	0	NA	NA	NA	NA	NA	rs2688717	18
ENSG00000233301	OR4C14P	11	55304478	55305400	1	pseudogene	NA	OR4C14P	NA	NA	1	10.05	0	NA	NA	NA	NA	NA	rs2688717	18
ENSG00000181935	OR4C16	11	55339604	55340536	1	protein_coding	219428	OR4C16	NA	0.53309288	2	0.398	0	NA	NA	NA	NA	0.006732539	rs2688717	18
ENSG00000172188	OR4C11	11	55370830	55371874	-1	protein_coding	219429	OR4C11	1.40886744095212e-06	0.491614504	1	1.005	0	NA	NA	NA	NA	NA	rs2688717	18
ENSG00000181903	OR4C6	11	55432614	55433671	1	protein_coding	219432	OR4C6	1.0819424863645e-05	0.04285779	1	4.539	0	NA	NA	NA	NA	NA	rs2688717	18
ENSG00000254841	OR4V1P	11	55441012	55442151	1	pseudogene	NA	OR4V1P	NA	NA	1	4.539	0	NA	NA	NA	NA	NA	rs2688717	18
ENSG00000188439	OR4P1P	11	55450715	55451850	1	pseudogene	NA	OR4P1P	NA	NA	2	2.41	0	NA	NA	NA	NA	NA	rs2688717	18
ENSG00000254804	RP11-674C21.9	11	55451617	55453636	-1	lincRNA	NA	NA	NA	NA	2	2.41	0	NA	NA	NA	NA	NA	rs2688717	18
ENSG00000186886	OR5D3P	11	55493594	55494634	1	pseudogene	NA	OR5D3P	NA	NA	1	2.082	0	NA	NA	NA	NA	NA	rs2688717	18
ENSG00000181837	OR5D17P	11	55522452	55523433	1	pseudogene	NA	OR5D17P	NA	NA	1	1.339	0	NA	NA	NA	NA	NA	rs2688717	18
ENSG00000186113	OR5D14	11	55563032	55563976	1	protein_coding	219436	OR5D14	0.000814344980968998	-0.10206514	1	0.545	0	NA	NA	NA	NA	NA	rs2688717	18
ENSG00000255204	RP11-738O11.9	11	55631408	55648719	1	pseudogene	NA	NA	NA	NA	1	15.44	0	NA	NA	NA	NA	NA	rs2688717	18
ENSG00000124900	TRIM51	11	55650773	55659286	1	protein_coding	84767	TRIM51	1.04917684230659e-05	NA	1	15.44	0	NA	NA	NA	NA	NA	rs2688717	18
ENSG00000187612	OR5W2	11	55681126	55682058	-1	protein_coding	390148	OR5W2	0.0488123221166674	0.336193422	1	11.56	0	NA	NA	NA	NA	NA	rs2688717	18
ENSG00000167825	OR5I1	11	55702932	55703876	-1	protein_coding	10798	OR5I1	0.237661331801561	0.340831813	1	0.174	0	NA	NA	NA	NA	NA	rs2688717	18
ENSG00000255416	OR10AF1P	11	55715596	55716400	-1	pseudogene	NA	OR10AF1P	NA	NA	1	1.114	0	NA	NA	NA	NA	NA	rs2688717	18
ENSG00000254807	OR10AK1P	11	55724692	55725106	-1	pseudogene	NA	OR10AK1P	NA	NA	1	1.114	0	NA	NA	NA	NA	NA	rs2688717	18
ENSG00000214880	OR7E5P	11	55746179	55753881	-1	pseudogene	219445	OR7E5P	NA	NA	1	1.469	0	NA	NA	NA	NA	NA	rs2688717	18
ENSG00000149133	OR5F1	11	55761157	55762101	-1	protein_coding	338674	OR5F1	0.00647381424823331	0.117290838	1	1.469	0	NA	NA	NA	NA	NA	rs2688717	18
ENSG00000181785	OR5AS1	11	55797895	55798869	1	protein_coding	219447	OR5AS1	0.255635872734436	0.560514371	1	0.976	0	NA	NA	NA	NA	NA	rs2688717	18
ENSG00000184741	OR5AQ1P	11	55821840	55822779	1	pseudogene	NA	OR5AQ1P	NA	NA	1	0.612	0	NA	NA	NA	NA	NA	rs2688717	18
ENSG00000172154	OR8I2	11	55860753	55861762	1	protein_coding	120586	OR8I2	0.000129181427224364	0.93908892	1	0.221	0	NA	NA	NA	NA	NA	rs2688717	18
ENSG00000254524	OR8I4P	11	55864720	55864860	-1	pseudogene	NA	OR8I4P	NA	NA	1	0.221	0	NA	NA	NA	NA	NA	rs2688717	18
ENSG00000181767	OR8H2	11	55872519	55873457	1	protein_coding	390151	OR8H2	0.000858971946429471	1.57393848	1	0.221	0	NA	NA	NA	NA	NA	rs2688717	18
ENSG00000266663	MIR3169	13	61773932	61774014	-1	miRNA	100422973	MIR3169	NA	NA	5	5.083	0	NA	NA	NA	NA	3.791733e-06	rs73550768;rs112378174	19
ENSG00000258600	RP11-452D21.2	14	83483450	83484488	-1	lincRNA	NA	NA	NA	NA	1	0.171	0	NA	NA	NA	NA	1.362261e-05	rs183004049	20
ENSG00000258426	RP11-452D21.1	14	83484545	83505946	-1	lincRNA	NA	NA	NA	NA	1	0.171	0	NA	NA	NA	NA	1.362261e-05	rs183004049	20
ENSG00000259751	RP11-83J16.3	15	35141338	35142596	-1	pseudogene	NA	NA	NA	NA	1	0.077	0	NA	NA	NA	NA	9.526854e-06	rs185436381	21
ENSG00000167720	SRR	17	2206677	2228554	1	protein_coding	63826	SRR	0.179017047265105	NA	0	0	1	1.1404e-05	5.08289e-64	GTEx/v8/Whole_Blood:GTEx/v8/Esophagus_Mucosa	+	6.746718e-06	17:2497969:G:GCATCCAC	24
ENSG00000243049	RN7SL33P	17	2461096	2461388	-1	misc_RNA	NA	RN7SL33P	NA	NA	4	2.3	0	NA	NA	NA	NA	NA	17:2497969:G:GCATCCAC	24
ENSG00000262953	EIF4A1P9	17	2489624	2491160	-1	pseudogene	NA	EIF4A1P9	NA	NA	15	18.14	0	NA	NA	NA	NA	6.746718e-06	17:2497969:G:GCATCCAC	24
ENSG00000007168	PAFAH1B1	17	2496504	2588909	1	protein_coding	5048	PAFAH1B1	0.99963285344523	-1.250002453	47	21.1	0	NA	NA	NA	NA	6.746718e-06	17:2497969:G:GCATCCAC	24
ENSG00000262480	SAMD11P1	17	2516578	2517238	-1	pseudogene	NA	SAMD11P1	NA	NA	14	11.96	0	NA	NA	NA	NA	NA	17:2497969:G:GCATCCAC	24
ENSG00000239024	snoU13	17	2558973	2559076	1	snoRNA	NA	NA	NA	NA	8	10.23	0	NA	NA	NA	NA	NA	17:2497969:G:GCATCCAC	24
ENSG00000239884	RN7SL608P	17	2584242	2584528	1	misc_RNA	NA	RN7SL608P	NA	NA	7	21.1	0	NA	NA	NA	NA	NA	17:2497969:G:GCATCCAC	24
ENSG00000272770	RP11-74E22.5	17	2586599	2588382	-1	antisense	NA	NA	NA	NA	7	21.1	0	NA	NA	NA	NA	NA	17:2497969:G:GCATCCAC	24
ENSG00000272911	RP11-74E22.6	17	2591767	2592254	1	lincRNA	NA	NA	NA	NA	5	21.1	0	NA	NA	NA	NA	NA	17:2497969:G:GCATCCAC	24
ENSG00000132361	CLUH	17	2592680	2615957	-1	protein_coding	23277	CLUH	0.999701830275383	-0.803718725	4	21.1	0	NA	NA	NA	NA	NA	17:2497969:G:GCATCCAC	24
ENSG00000254901	MEF2BNB	19	19287712	19303400	-1	protein_coding	729991	MEF2BNB	NA	0.579437175	0	0	9	1.01498e-06	1.27084e-12	GTEx/v8/Breast_Mammary_Tissue	-	1.502288e-07	rs58542926;rs739846	25
ENSG00000064490	RFXANK	19	19303008	19312678	1	protein_coding	8625	RFXANK	0.000671163624692492	0.789997306	0	0	6	1.27029e-07	4.23962e-13	GTEx/v8/Whole_Blood:GTEx/v8/Artery_Tibial	-	7.632515e-06	rs739846;rs73001020	25
ENSG00000130287	NCAN	19	19322782	19363042	1	protein_coding	1463	NCAN	0.154546738217425	-1.280770396	2	5.517	0	NA	NA	NA	NA	5.694415e-07	rs73001065;rs58542926	25
ENSG00000187664	HAPLN4	19	19366450	19373605	-1	protein_coding	404037	HAPLN4	0.0326847848265823	0.204997517	3	23.8	0	NA	NA	NA	NA	1.502288e-07	rs73001065;rs58542926	25
ENSG00000267629	AC138430.4	19	19366451	19384178	-1	processed_transcript	NA	NA	NA	NA	5	23.8	0	NA	NA	NA	NA	1.502288e-07	rs73001065;rs58542926;rs739846	25
ENSG00000213996	TM6SF2	19	19375173	19384200	-1	protein_coding	53345	TM6SF2	1.93541173325793e-05	NA	5	23.8	15	1.77101e-06	8.90299e-16	GTEx/v8/Adipose_Subcutaneous:GTEx/v8/Adipose_Visceral_Omentum:GTEx/v8/Heart_Atrial_Appendage:GTEx/v8/Heart_Left_Ventricle	+	1.502288e-07	rs73001065;rs58542926;rs739846;rs150824230	25
ENSG00000105705	SUGP1	19	19386827	19431653	-1	protein_coding	57794	SUGP1	0.9996355600486	NA	10	23.8	0	NA	NA	NA	NA	1.502288e-07	rs58542926;rs739846;rs73001020;rs73001065	25
ENSG00000129933	MAU2	19	19431490	19469563	1	protein_coding	23383	MAU2	0.999717755369344	0.014423646	8	5.214	36	6.15765e-14	6.04789e-11	GTEx/v8/Whole_Blood	-	1.502288e-07	rs739846;rs73001065;rs73001020;rs58542926;rs150824230	25
ENSG00000167491	GATAD2A	19	19496635	19619740	1	protein_coding	54815	GATAD2A	0.995362828250654	-0.496926306	4	9.027	33	7.54461e-08	3.60371e-24	GTEx/v8/Adipose_Subcutaneous:GTEx/v8/Whole_Blood:GTEx/v8/Esophagus_Mucosa	+	1.502288e-07	rs73001065;rs73001020;rs58542926;rs150824230;rs739846	25
ENSG00000207821	MIR640	19	19545872	19545967	1	miRNA	693225	MIR640	NA	NA	1	9.027	0	NA	NA	NA	NA	1.298551e-05	rs73001020	25
ENSG00000250067	YJEFN3	19	19627036	19648390	1	protein_coding	374887	YJEFN3	2.63542608769062e-06	NA	0	0	33	1.95658e-06	2.605e-18	GTEx/v8/Adipose_Subcutaneous:GTEx/v8/Whole_Blood:GTEx/v8/Artery_Tibial:GTEx/v8/Colon_Sigmoid:GTEx/v8/Colon_Transverse:GTEx/v8/Esophagus_Muscularis	+	1.502288e-07	rs739846;rs73001020;rs58542926;rs150824230;rs73001065	25
ENSG00000160161	CILP2	19	19649057	19657468	1	protein_coding	148113	CILP2	0.000278936233123941	-0.132917182	3	8.295	0	NA	NA	NA	NA	4.101778e-06	rs58542926;rs150824230	25
ENSG00000105717	PBX4	19	19672522	19729725	-1	protein_coding	80714	PBX4	0.006772126187306	-0.679896521	15	8.295	0	NA	NA	NA	NA	1.706257e-06	rs150824230;rs73001065	25
ENSG00000267178	PHF5CP	19	19698900	19699224	-1	pseudogene	NA	PHF5CP	NA	NA	4	3.292	0	NA	NA	NA	NA	1.824345e-06	rs150824230;rs73001065	25
ENSG00000259242	AC002306.1	19	19717159	19719469	1	antisense	NA	NA	NA	NA	5	2.627	0	NA	NA	NA	NA	1.706257e-06	rs150824230;rs73001065	25
ENSG00000105726	ATP13A1	19	19756007	19774502	-1	protein_coding	57130	ATP13A1	0.994473888962369	NA	0	0	36	6.53599e-11	9.80314e-12	GTEx/v8/Adipose_Subcutaneous:GTEx/v8/Adipose_Visceral_Omentum:GTEx/v8/Adrenal_Gland:GTEx/v8/Artery_Aorta:GTEx/v8/Artery_Tibial:GTEx/v8/Esophagus_Gastroesophageal_Junction:GTEx/v8/Esophagus_Mucosa:GTEx/v8/Esophagus_Muscularis:GTEx/v8/Heart_Atrial_Appendage:GTEx/v8/Heart_Left_Ventricle	+	1.502288e-07	rs73001065;rs58542926;rs739846;rs73001020;rs150824230	25
ENSG00000081665	ZNF506	19	19896648	19932560	-1	protein_coding	440515	ZNF506	1.99612668014446e-08	-0.298399589	0	0	13	4.66246e-05	1.69948e-26	GTEx/v8/Adipose_Subcutaneous:GTEx/v8/Heart_Left_Ventricle	+	2.799066e-06	rs58542926;rs150824230;rs73001020	25
ENSG00000197124	ZNF682	19	20107867	20150315	-1	protein_coding	91120	ZNF682	3.67329437341058e-09	1.212036464	0	0	1	9.3218e-05	0.00051934	GTEx/v8/Artery_Tibial	+	1.800909e-06	rs739846	25
ENSG00000267204	AC011518.1	19	32592994	32596822	-1	lincRNA	101927411	NA	NA	NA	6	5.916	0	NA	NA	NA	NA	2.655606e-06	rs113393181	26
ENSG00000267133	AC011518.2	19	32594489	32597443	1	lincRNA	NA	NA	NA	NA	6	5.916	0	NA	NA	NA	NA	2.655606e-06	rs113393181	26
ENSG00000101266	CSNK2A1	20	459116	524465	-1	protein_coding	1457	CSNK2A1	0.999646697845993	-0.475316336	11	8.795	0	NA	NA	NA	NA	5.716558e-06	rs204663	27
ENSG00000100344	PNPLA3	22	44319619	44360368	1	protein_coding	80339	PNPLA3	0.000103859216104925	0.660346309	68	22.8	0	NA	NA	NA	NA	3.92745e-10	rs738409;rs3761472	28
ENSG00000100347	SAMM50	22	44351301	44406411	1	protein_coding	25813	SAMM50	0.000727114523857838	-0.109976714	30	22.8	82	1.85736e-11	9.18571e-59	GTEx/v8/Adipose_Subcutaneous:GTEx/v8/Adipose_Visceral_Omentum:GTEx/v8/Breast_Mammary_Tissue:GTEx/v8/Esophagus_Muscularis	+	3.92745e-10	rs738409;rs3761472;rs2294922	28
ENSG00000224856	RP4-796I17.5	22	44352907	44353228	1	pseudogene	NA	NA	NA	NA	9	9.335	0	NA	NA	NA	NA	4.039389e-06	rs738409;rs3761472	28
ENSG00000188677	PARVB	22	44395091	44568829	1	protein_coding	29780	PARVB	1.17140003331479e-12	-0.380073375	6	7.956	0	NA	NA	NA	NA	4.944067e-05	rs3761472;rs2294922	28
